{
 "cells": [
  {
   "cell_type": "code",
   "execution_count": 1,
   "metadata": {},
   "outputs": [],
   "source": [
    "import numpy as np\n",
    "\n",
    "import trfp"
   ]
  },
  {
   "cell_type": "code",
   "execution_count": 2,
   "metadata": {},
   "outputs": [
    {
     "name": "stdout",
     "output_type": "stream",
     "text": [
      "[[ 5.88595016e-02  5.87066198e-02  5.87066198e-02  5.87066198e-02\n",
      "   5.87066198e-02  5.64133924e-02  6.00825562e-02  6.00825562e-02\n",
      "   5.64133924e-02  6.00825562e-02  6.00825562e-02  5.64133924e-02\n",
      "   6.00825562e-02  6.00825562e-02  5.64133924e-02  6.00825562e-02\n",
      "   6.00825562e-02]\n",
      " [ 0.00000000e+00  0.00000000e+00  0.00000000e+00  0.00000000e+00\n",
      "   0.00000000e+00  0.00000000e+00  1.07142857e-01  1.85576872e-01\n",
      "   2.14285714e-01  1.85576872e-01  1.07142857e-01  0.00000000e+00\n",
      "  -1.07142857e-01 -1.85576872e-01 -2.14285714e-01 -1.85576872e-01\n",
      "  -1.07142857e-01]\n",
      " [ 0.00000000e+00  0.00000000e+00  0.00000000e+00  0.00000000e+00\n",
      "   0.00000000e+00 -2.14285714e-01 -1.85576872e-01 -1.07142857e-01\n",
      "   0.00000000e+00  1.07142857e-01  1.85576872e-01  2.14285714e-01\n",
      "   1.85576872e-01  1.07142857e-01  0.00000000e+00 -1.07142857e-01\n",
      "  -1.85576872e-01]\n",
      " [ 0.00000000e+00  0.00000000e+00  0.00000000e+00  0.00000000e+00\n",
      "   0.00000000e+00  0.00000000e+00 -2.38598836e-01 -2.38598836e-01\n",
      "   0.00000000e+00  2.38598836e-01  2.38598836e-01  0.00000000e+00\n",
      "  -2.38598836e-01 -2.38598836e-01  0.00000000e+00  2.38598836e-01\n",
      "   2.38598836e-01]\n",
      " [ 0.00000000e+00 -6.61172836e-02  6.61172836e-02 -6.61172836e-02\n",
      "   6.61172836e-02 -2.64146296e-01 -1.32589689e-01  1.32589689e-01\n",
      "   2.64146296e-01  1.32589689e-01 -1.32589689e-01 -2.64146296e-01\n",
      "  -1.32589689e-01  1.32589689e-01  2.64146296e-01  1.32589689e-01\n",
      "  -1.32589689e-01]\n",
      " [ 0.00000000e+00  0.00000000e+00  0.00000000e+00  0.00000000e+00\n",
      "   0.00000000e+00  3.54227405e-01  0.00000000e+00 -3.54227405e-01\n",
      "   0.00000000e+00  3.54227405e-01  0.00000000e+00 -3.54227405e-01\n",
      "   0.00000000e+00  3.54227405e-01  0.00000000e+00 -3.54227405e-01\n",
      "   0.00000000e+00]\n",
      " [ 0.00000000e+00  0.00000000e+00  0.00000000e+00  0.00000000e+00\n",
      "   0.00000000e+00  0.00000000e+00 -3.54227405e-01  0.00000000e+00\n",
      "   3.54227405e-01  0.00000000e+00 -3.54227405e-01  0.00000000e+00\n",
      "   3.54227405e-01  0.00000000e+00 -3.54227405e-01  0.00000000e+00\n",
      "   3.54227405e-01]\n",
      " [-6.68426580e-03  2.17238638e-02  2.17238638e-02  2.17238638e-02\n",
      "   2.17238638e-02  4.47845809e-01 -2.33949303e-01 -2.33949303e-01\n",
      "   4.47845809e-01 -2.33949303e-01 -2.33949303e-01  4.47845809e-01\n",
      "  -2.33949303e-01 -2.33949303e-01  4.47845809e-01 -2.33949303e-01\n",
      "  -2.33949303e-01]\n",
      " [ 0.00000000e+00  0.00000000e+00  0.00000000e+00  0.00000000e+00\n",
      "   0.00000000e+00  0.00000000e+00  3.94418484e-01 -3.94418484e-01\n",
      "   0.00000000e+00  3.94418484e-01 -3.94418484e-01  0.00000000e+00\n",
      "   3.94418484e-01 -3.94418484e-01  0.00000000e+00  3.94418484e-01\n",
      "  -3.94418484e-01]\n",
      " [ 0.00000000e+00  0.00000000e+00  7.49516273e+01  0.00000000e+00\n",
      "  -7.49516273e+01  0.00000000e+00 -3.22057774e+00 -1.06492991e+01\n",
      "  -1.58101089e+01 -1.06492991e+01 -3.22057774e+00  0.00000000e+00\n",
      "   3.22057774e+00  1.06492991e+01  1.58101089e+01  1.06492991e+01\n",
      "   3.22057774e+00]\n",
      " [ 0.00000000e+00 -7.49516273e+01  0.00000000e+00  7.49516273e+01\n",
      "   0.00000000e+00  1.58101089e+01  1.06492991e+01  3.22057774e+00\n",
      "   0.00000000e+00 -3.22057774e+00 -1.06492991e+01 -1.58101089e+01\n",
      "  -1.06492991e+01 -3.22057774e+00  0.00000000e+00  3.22057774e+00\n",
      "   1.06492991e+01]\n",
      " [ 0.00000000e+00 -5.64602636e-03  5.64602636e-03 -5.64602636e-03\n",
      "   5.64602636e-03 -3.75460753e-01  3.76872260e-01 -3.76872260e-01\n",
      "   3.75460753e-01 -3.76872260e-01  3.76872260e-01 -3.75460753e-01\n",
      "   3.76872260e-01 -3.76872260e-01  3.75460753e-01 -3.76872260e-01\n",
      "   3.76872260e-01]\n",
      " [ 0.00000000e+00  0.00000000e+00  0.00000000e+00  0.00000000e+00\n",
      "   0.00000000e+00  0.00000000e+00  0.00000000e+00  0.00000000e+00\n",
      "   0.00000000e+00  0.00000000e+00  0.00000000e+00  0.00000000e+00\n",
      "   0.00000000e+00  0.00000000e+00  0.00000000e+00  0.00000000e+00\n",
      "   0.00000000e+00]\n",
      " [ 0.00000000e+00  0.00000000e+00 -1.23899629e+02  0.00000000e+00\n",
      "   1.23899629e+02  0.00000000e+00  5.80779510e+00  1.67656603e+01\n",
      "   2.71030438e+01  1.67656603e+01  5.80779510e+00  0.00000000e+00\n",
      "  -5.80779510e+00 -1.67656603e+01 -2.71030438e+01 -1.67656603e+01\n",
      "  -5.80779510e+00]\n",
      " [ 0.00000000e+00 -1.23899629e+02  0.00000000e+00  1.23899629e+02\n",
      "   0.00000000e+00  2.71030438e+01  1.67656603e+01  5.80779510e+00\n",
      "   0.00000000e+00 -5.80779510e+00 -1.67656603e+01 -2.71030438e+01\n",
      "  -1.67656603e+01 -5.80779510e+00  0.00000000e+00  5.80779510e+00\n",
      "   1.67656603e+01]\n",
      " [ 0.00000000e+00  0.00000000e+00  0.00000000e+00  0.00000000e+00\n",
      "   0.00000000e+00  0.00000000e+00  0.00000000e+00  0.00000000e+00\n",
      "   0.00000000e+00  0.00000000e+00  0.00000000e+00  0.00000000e+00\n",
      "   0.00000000e+00  0.00000000e+00  0.00000000e+00  0.00000000e+00\n",
      "   0.00000000e+00]\n",
      " [ 0.00000000e+00  0.00000000e+00  0.00000000e+00  0.00000000e+00\n",
      "   0.00000000e+00  0.00000000e+00  0.00000000e+00  0.00000000e+00\n",
      "   0.00000000e+00  0.00000000e+00  0.00000000e+00  0.00000000e+00\n",
      "   0.00000000e+00  0.00000000e+00  0.00000000e+00  0.00000000e+00\n",
      "   0.00000000e+00]]\n"
     ]
    }
   ],
   "source": [
    "print trfp.THETA_TR"
   ]
  },
  {
   "cell_type": "code",
   "execution_count": 3,
   "metadata": {},
   "outputs": [
    {
     "name": "stdout",
     "output_type": "stream",
     "text": [
      "0 ,  1.7132312848437867 ,  0 ,  0.6601723572299343 ,  0 ,  0.5350945462639569 ,  0 ,  0.8226056039779723 ,  0 ,  0.5364807178936805 ,  0 ,  0.8002639184162545 ,  0 ,  1.0082359894231832 ,  0 ,  1.0548499819192578 ,  0 ,  1.251363734982997 , \n"
     ]
    }
   ],
   "source": [
    "stat_unc = np.array([0.38,\n",
    "                     0.65,\n",
    "                     0.53,\n",
    "                     0.25,\n",
    "                     0.51,\n",
    "                     0.46,\n",
    "                     0.96,\n",
    "                     0.60,\n",
    "                     0.23,\n",
    "                     1.39,\n",
    "                     0.22,\n",
    "                     0.44,\n",
    "                     2.08,\n",
    "                     0.53,\n",
    "                     1.06,\n",
    "                     0.44,\n",
    "                     1.23])\n",
    "\n",
    "syst_unc = np.array([2.02,\n",
    "                     1.18,\n",
    "                     2.19,\n",
    "                     1.28,\n",
    "                     1.10,\n",
    "                     1.35,\n",
    "                     1.61,\n",
    "                     1.21,\n",
    "                     1.64,\n",
    "                     1.26,\n",
    "                     1.99,\n",
    "                     1.73,\n",
    "                     1.93,\n",
    "                     1.88,\n",
    "                     1.59,\n",
    "                     2.94,\n",
    "                     1.96])\n",
    "\n",
    "total_cov = np.diag(stat_unc**2) + np.matmul(np.diag(syst_unc), np.matmul(np.ones([17,17]), np.diag(syst_unc)))\n",
    "\n",
    "for ii in range(9):\n",
    "    print 0, ', ', np.sqrt(np.dot(trfp.THETA_TR[ii,:], np.dot(total_cov,trfp.THETA_TR[ii,:]))), ', ',\n",
    "\n",
    "# m_uncs_new = np.sqrt(np.dot(trfp.THETA_TR**2, total_unc**2))\n",
    "# for item in m_uncs_new: print 0, ', ', item, ', ',"
   ]
  },
  {
   "cell_type": "code",
   "execution_count": 5,
   "metadata": {},
   "outputs": [
    {
     "name": "stdout",
     "output_type": "stream",
     "text": [
      "[[4.22 2.38 4.42 2.59 2.22 2.73 3.25 2.44 3.31 2.55 4.02 3.49 3.9  3.8\n",
      "  3.21 5.94 3.96]\n",
      " [2.38 1.81 2.58 1.51 1.3  1.59 1.9  1.43 1.94 1.49 2.35 2.04 2.28 2.22\n",
      "  1.88 3.47 2.31]\n",
      " [4.42 2.58 5.08 2.8  2.41 2.96 3.53 2.65 3.59 2.76 4.36 3.79 4.23 4.12\n",
      "  3.48 6.44 4.29]\n",
      " [2.59 1.51 2.8  1.7  1.41 1.73 2.06 1.55 2.1  1.61 2.55 2.21 2.47 2.41\n",
      "  2.04 3.76 2.51]\n",
      " [2.22 1.3  2.41 1.41 1.47 1.49 1.77 1.33 1.8  1.39 2.19 1.9  2.12 2.07\n",
      "  1.75 3.23 2.16]\n",
      " [2.73 1.59 2.96 1.73 1.49 2.03 2.17 1.63 2.21 1.7  2.69 2.34 2.61 2.54\n",
      "  2.15 3.97 2.65]\n",
      " [3.25 1.9  3.53 2.06 1.77 2.17 3.51 1.95 2.64 2.03 3.2  2.79 3.11 3.03\n",
      "  2.56 4.73 3.16]\n",
      " [2.44 1.43 2.65 1.55 1.33 1.63 1.95 1.82 1.98 1.52 2.41 2.09 2.34 2.27\n",
      "  1.92 3.56 2.37]\n",
      " [3.31 1.94 3.59 2.1  1.8  2.21 2.64 1.98 2.74 2.07 3.26 2.84 3.17 3.08\n",
      "  2.61 4.82 3.21]\n",
      " [2.55 1.49 2.76 1.61 1.39 1.7  2.03 1.52 2.07 3.52 2.51 2.18 2.43 2.37\n",
      "  2.   3.7  2.47]\n",
      " [4.02 2.35 4.36 2.55 2.19 2.69 3.2  2.41 3.26 2.51 4.01 3.44 3.84 3.74\n",
      "  3.16 5.85 3.9 ]\n",
      " [3.49 2.04 3.79 2.21 1.9  2.34 2.79 2.09 2.84 2.18 3.44 3.19 3.34 3.25\n",
      "  2.75 5.09 3.39]\n",
      " [3.9  2.28 4.23 2.47 2.12 2.61 3.11 2.34 3.17 2.43 3.84 3.34 8.05 3.63\n",
      "  3.07 5.67 3.78]\n",
      " [3.8  2.22 4.12 2.41 2.07 2.54 3.03 2.27 3.08 2.37 3.74 3.25 3.63 3.82\n",
      "  2.99 5.53 3.68]\n",
      " [3.21 1.88 3.48 2.04 1.75 2.15 2.56 1.92 2.61 2.   3.16 2.75 3.07 2.99\n",
      "  3.65 4.67 3.12]\n",
      " [5.94 3.47 6.44 3.76 3.23 3.97 4.73 3.56 4.82 3.7  5.85 5.09 5.67 5.53\n",
      "  4.67 8.84 5.76]\n",
      " [3.96 2.31 4.29 2.51 2.16 2.65 3.16 2.37 3.21 2.47 3.9  3.39 3.78 3.68\n",
      "  3.12 5.76 5.35]]\n"
     ]
    }
   ],
   "source": [
    "print np.round(total_cov,2)"
   ]
  },
  {
   "cell_type": "code",
   "execution_count": 2,
   "metadata": {},
   "outputs": [],
   "source": [
    "uncs = np.array([0.575, 0.699, 2.371, 0.859, 0.175, 1.518, 1.823, 1.474, 1.177,\n",
    "                 0.748, 2.039, 1.606, 2.432, 2.047, 1.629, 4.779, 3.336])"
   ]
  },
  {
   "cell_type": "code",
   "execution_count": 3,
   "metadata": {},
   "outputs": [],
   "source": [
    "m_uncs = np.sqrt(np.dot(trfp.THETA_TR**2, uncs**2))"
   ]
  },
  {
   "cell_type": "code",
   "execution_count": 4,
   "metadata": {},
   "outputs": [
    {
     "name": "stdout",
     "output_type": "stream",
     "text": [
      "[  0.49921421   1.22144709   1.18763679   1.75796669   1.26766191\n",
      "   2.08497631   1.89315709   2.18265675   2.90602657 190.76712186\n",
      " 105.83332935   2.99472296   0.         314.5286209  174.10503206\n",
      "   0.           0.        ]\n"
     ]
    }
   ],
   "source": [
    "print m_uncs"
   ]
  },
  {
   "cell_type": "code",
   "execution_count": 5,
   "metadata": {},
   "outputs": [
    {
     "name": "stdout",
     "output_type": "stream",
     "text": [
      "[5.88595016e-02 2.75510204e-01 2.75510204e-01 4.55435235e-01\n",
      " 4.37219249e-01 7.52862328e-01 7.52862328e-01 1.24205407e+00\n",
      " 1.24452752e+00 1.22305307e+04 1.22305307e+04 1.70027222e+00\n",
      " 0.00000000e+00 3.34306574e+04 3.34306574e+04 0.00000000e+00\n",
      " 0.00000000e+00]\n"
     ]
    }
   ],
   "source": [
    "print np.dot(trfp.THETA_TR**2, np.ones(17))"
   ]
  },
  {
   "cell_type": "code",
   "execution_count": 6,
   "metadata": {},
   "outputs": [
    {
     "name": "stdout",
     "output_type": "stream",
     "text": [
      "[87.521, 81.002, 91.643, 83.039, 89.962, 103.194, 113.698, 73.605, 80.592, 20.797, 174.332, 107.95, 120.301, 74.745, 72.838, 18.166, 169.407]\n"
     ]
    }
   ],
   "source": [
    "print trfp.geometry.PLUNGING_PROBE_CALIBRATIONS"
   ]
  },
  {
   "cell_type": "code",
   "execution_count": 7,
   "metadata": {},
   "outputs": [
    {
     "name": "stdout",
     "output_type": "stream",
     "text": [
      "[0.575 0.699 2.371 0.859 0.175 1.518 1.823 1.474 1.177 0.748 2.039 1.606\n",
      " 2.432 2.047 1.629 4.779 3.336]\n"
     ]
    }
   ],
   "source": [
    "print uncs"
   ]
  },
  {
   "cell_type": "code",
   "execution_count": null,
   "metadata": {},
   "outputs": [],
   "source": []
  }
 ],
 "metadata": {
  "kernelspec": {
   "display_name": "Python 2",
   "language": "python",
   "name": "python2"
  },
  "language_info": {
   "codemirror_mode": {
    "name": "ipython",
    "version": 2
   },
   "file_extension": ".py",
   "mimetype": "text/x-python",
   "name": "python",
   "nbconvert_exporter": "python",
   "pygments_lexer": "ipython2",
   "version": "2.7.5"
  }
 },
 "nbformat": 4,
 "nbformat_minor": 2
}
